7814
9866
10808
9799
8635
132924
101798
108468
98433
80304
325808
383337
327061
314096
375982
845904
773851
722150
1003639
815609
1194571
1553866
1214421
1454437
1508998
58
0
30
105
165
73208
55750
57416
71663
70711
327795
302699
253835
355838
296591
793651
726569
868610
702710
860176
1152217
1045816
1186339
1345966
1268120
0
0
0
0
0
13000
34791
24232
23189
15916
198986
243656
268219
212529
202051
435691
608894
506327
561308
773420
1091954
948549
952922
1009050
908867
0
0
0
0
0
524
23
831
156
56
188778
178179
186619
154212
120220
410314
349302
495132
426327
525625
906805
774206
685175
799594
664734
0
0
0
0
0
0
0
0
315
0
144984
108368
75745
64155
104072
182478
189163
167895
183658
356397
625013
588283
628888
565127
690319


algun problema de algoritmos que haga una complejidad menor a la complejidad,
NP, e implementar algoritmos en nlogn ara ordenacion,   