16894
18798
15438
20327
17874
230267
158423
170240
188163
179373
497016
650267
598858
528574
629623
1625048
1584876
1438442
1378582
1673818
2380525
2339546
2735453
2532600
2721272
126
182
13
288
196
126038
76330
70704
115093
88631
525837
485794
558980
408576
439286
1371833
1723497
1152912
1168443
1393649
2211507
2359118
2390866
2207293
2219602
0
0
0
0
0
34337
45068
35036
32316
22437
400642
303217
362742
371932
478738
1069838
820038
1187166
1203545
1222865
1708167
1857675
1924720
1962917
1893140
0
0
0
0
0
2135
811
1208
177
6490
274872
477272
253293
215921
319956
762666
631097
432304
729531
624607
1239782
1134601
1656843
1607034
1357660
0
0
0
0
0
0
0
0
0
0
78049
125961
105863
83413
46145
602431
410706
542511
486984
313867
969062
1120349
1064379
1217463
958952